function tmpreturn = Gamma_kin_aperiod(Ta, K__D)
  m = [0 0 0 0 0 0 0 0 0 0 0 0 0 0 0 0 0 0 0 0 0 0 0 0; 0 0 0 0 0 0 0 0 0 0 0 0 0 0 0 0 0 0 0 0 0 0 0 0; 0 0 0 0 0 0 0 0 0 0 0 0 0 0 0 0 0 0 0 0 0 0 0 0; 0 0 0 0 0 0 0 0 0 0 0 0 0 0 0 0 0 0 0 0 0 0 0 0; 0 0 0 0 0 0 0 0 0 0 0 0 0 0 0 0 0 0 0 0 0 0 0 0; 0 0 0 0 0 0 0 0 0 0 0 0 0 0 0 0 0 0 0 0 0 0 0 0;];
  t1 = K__D(1,1);
  t2 = t1 ^ 2;
  t3 = Ta ^ 2;
  t5 = t1 * Ta;
  t7 = exp(-t5 / 0.2e1);
  t9 = Ta * t7 * t1;
  t14 = t2 ^ 2;
  m(1,1) = 0.2e1 / t14 * (t2 * t3 - 0.8e1 * t5 - 0.24e2 * t7 - 0.4e1 * t9 + 0.24e2);
  m(1,2) = 0.0e0;
  m(1,3) = 0.0e0;
  m(1,4) = 0.0e0;
  m(1,5) = 0.0e0;
  m(1,6) = 0.0e0;
  t17 = 0.1e1 / t2;
  m(1,7) = 0.4e1 * (t9 + t5 + 0.4e1 * t7 - 0.4e1) / t1 * t17;
  m(1,8) = 0.0e0;
  m(1,9) = 0.0e0;
  m(1,10) = 0.0e0;
  m(1,11) = 0.0e0;
  m(1,12) = 0.0e0;
  m(1,13) = -0.2e1 * (t9 + 0.2e1 * t7 - 0.2e1) * t17;
  m(1,14) = 0.0e0;
  m(1,15) = 0.0e0;
  m(1,16) = 0.0e0;
  m(1,17) = 0.0e0;
  m(1,18) = 0.0e0;
  m(1,19) = t7 * Ta;
  m(1,20) = 0.0e0;
  m(1,21) = 0.0e0;
  m(1,22) = 0.0e0;
  m(1,23) = 0.0e0;
  m(1,24) = 0.0e0;
  m(2,1) = 0.0e0;
  t27 = K__D(2,2);
  t28 = t27 ^ 2;
  t30 = t27 * Ta;
  t32 = exp(-t30 / 0.2e1);
  t34 = Ta * t32 * t27;
  t39 = t28 ^ 2;
  m(2,2) = 0.2e1 / t39 * (t28 * t3 - 0.8e1 * t30 - 0.24e2 * t32 - 0.4e1 * t34 + 0.24e2);
  m(2,3) = 0.0e0;
  m(2,4) = 0.0e0;
  m(2,5) = 0.0e0;
  m(2,6) = 0.0e0;
  m(2,7) = 0.0e0;
  t42 = 0.1e1 / t28;
  m(2,8) = 0.4e1 * (t34 + t30 + 0.4e1 * t32 - 0.4e1) / t27 * t42;
  m(2,9) = 0.0e0;
  m(2,10) = 0.0e0;
  m(2,11) = 0.0e0;
  m(2,12) = 0.0e0;
  m(2,13) = 0.0e0;
  m(2,14) = -0.2e1 * (t34 + 0.2e1 * t32 - 0.2e1) * t42;
  m(2,15) = 0.0e0;
  m(2,16) = 0.0e0;
  m(2,17) = 0.0e0;
  m(2,18) = 0.0e0;
  m(2,19) = 0.0e0;
  m(2,20) = Ta * t32;
  m(2,21) = 0.0e0;
  m(2,22) = 0.0e0;
  m(2,23) = 0.0e0;
  m(2,24) = 0.0e0;
  m(3,1) = 0.0e0;
  m(3,2) = 0.0e0;
  t52 = K__D(3,3);
  t53 = t52 ^ 2;
  t55 = t52 * Ta;
  t57 = exp(-t55 / 0.2e1);
  t59 = Ta * t57 * t52;
  t64 = t53 ^ 2;
  m(3,3) = 0.2e1 / t64 * (t3 * t53 - 0.8e1 * t55 - 0.24e2 * t57 - 0.4e1 * t59 + 0.24e2);
  m(3,4) = 0.0e0;
  m(3,5) = 0.0e0;
  m(3,6) = 0.0e0;
  m(3,7) = 0.0e0;
  m(3,8) = 0.0e0;
  t67 = 0.1e1 / t53;
  m(3,9) = 0.4e1 * (t59 + t55 + 0.4e1 * t57 - 0.4e1) / t52 * t67;
  m(3,10) = 0.0e0;
  m(3,11) = 0.0e0;
  m(3,12) = 0.0e0;
  m(3,13) = 0.0e0;
  m(3,14) = 0.0e0;
  m(3,15) = -0.2e1 * (t59 + 0.2e1 * t57 - 0.2e1) * t67;
  m(3,16) = 0.0e0;
  m(3,17) = 0.0e0;
  m(3,18) = 0.0e0;
  m(3,19) = 0.0e0;
  m(3,20) = 0.0e0;
  m(3,21) = Ta * t57;
  m(3,22) = 0.0e0;
  m(3,23) = 0.0e0;
  m(3,24) = 0.0e0;
  m(4,1) = 0.0e0;
  m(4,2) = 0.0e0;
  m(4,3) = 0.0e0;
  t77 = K__D(4,4);
  t78 = t77 ^ 2;
  t80 = t77 * Ta;
  t82 = exp(-t80 / 0.2e1);
  t84 = Ta * t82 * t77;
  t89 = t78 ^ 2;
  m(4,4) = 0.2e1 / t89 * (t3 * t78 - 0.8e1 * t80 - 0.24e2 * t82 - 0.4e1 * t84 + 0.24e2);
  m(4,5) = 0.0e0;
  m(4,6) = 0.0e0;
  m(4,7) = 0.0e0;
  m(4,8) = 0.0e0;
  m(4,9) = 0.0e0;
  t92 = 0.1e1 / t78;
  m(4,10) = 0.4e1 * (t84 + t80 + 0.4e1 * t82 - 0.4e1) / t77 * t92;
  m(4,11) = 0.0e0;
  m(4,12) = 0.0e0;
  m(4,13) = 0.0e0;
  m(4,14) = 0.0e0;
  m(4,15) = 0.0e0;
  m(4,16) = -0.2e1 * (t84 + 0.2e1 * t82 - 0.2e1) * t92;
  m(4,17) = 0.0e0;
  m(4,18) = 0.0e0;
  m(4,19) = 0.0e0;
  m(4,20) = 0.0e0;
  m(4,21) = 0.0e0;
  m(4,22) = t82 * Ta;
  m(4,23) = 0.0e0;
  m(4,24) = 0.0e0;
  m(5,1) = 0.0e0;
  m(5,2) = 0.0e0;
  m(5,3) = 0.0e0;
  m(5,4) = 0.0e0;
  t102 = K__D(5,5);
  t103 = t102 ^ 2;
  t105 = t102 * Ta;
  t107 = exp(-t105 / 0.2e1);
  t109 = Ta * t107 * t102;
  t114 = t103 ^ 2;
  m(5,5) = 0.2e1 / t114 * (t103 * t3 - 0.8e1 * t105 - 0.24e2 * t107 - 0.4e1 * t109 + 0.24e2);
  m(5,6) = 0.0e0;
  m(5,7) = 0.0e0;
  m(5,8) = 0.0e0;
  m(5,9) = 0.0e0;
  m(5,10) = 0.0e0;
  t117 = 0.1e1 / t103;
  m(5,11) = 0.4e1 * (t109 + t105 + 0.4e1 * t107 - 0.4e1) / t102 * t117;
  m(5,12) = 0.0e0;
  m(5,13) = 0.0e0;
  m(5,14) = 0.0e0;
  m(5,15) = 0.0e0;
  m(5,16) = 0.0e0;
  m(5,17) = -0.2e1 * (t109 + 0.2e1 * t107 - 0.2e1) * t117;
  m(5,18) = 0.0e0;
  m(5,19) = 0.0e0;
  m(5,20) = 0.0e0;
  m(5,21) = 0.0e0;
  m(5,22) = 0.0e0;
  m(5,23) = t107 * Ta;
  m(5,24) = 0.0e0;
  m(6,1) = 0.0e0;
  m(6,2) = 0.0e0;
  m(6,3) = 0.0e0;
  m(6,4) = 0.0e0;
  m(6,5) = 0.0e0;
  t127 = K__D(6,6);
  t128 = t127 ^ 2;
  t130 = t127 * Ta;
  t132 = exp(-t130 / 0.2e1);
  t134 = Ta * t132 * t127;
  t139 = t128 ^ 2;
  m(6,6) = 0.2e1 / t139 * (t128 * t3 - 0.8e1 * t130 - 0.24e2 * t132 - 0.4e1 * t134 + 0.24e2);
  m(6,7) = 0.0e0;
  m(6,8) = 0.0e0;
  m(6,9) = 0.0e0;
  m(6,10) = 0.0e0;
  m(6,11) = 0.0e0;
  t142 = 0.1e1 / t128;
  m(6,12) = 0.4e1 * (t134 + t130 + 0.4e1 * t132 - 0.4e1) / t127 * t142;
  m(6,13) = 0.0e0;
  m(6,14) = 0.0e0;
  m(6,15) = 0.0e0;
  m(6,16) = 0.0e0;
  m(6,17) = 0.0e0;
  m(6,18) = -0.2e1 * (t134 + 0.2e1 * t132 - 0.2e1) * t142;
  m(6,19) = 0.0e0;
  m(6,20) = 0.0e0;
  m(6,21) = 0.0e0;
  m(6,22) = 0.0e0;
  m(6,23) = 0.0e0;
  m(6,24) = t132 * Ta;
  tmpreturn = m';
