function tmpreturn = Gamma_kin_aperiod(Ta, K__D)
  m = [0 0 0 0 0 0 0 0 0 0 0 0 0 0 0 0 0 0 0 0 0 0 0 0; 0 0 0 0 0 0 0 0 0 0 0 0 0 0 0 0 0 0 0 0 0 0 0 0; 0 0 0 0 0 0 0 0 0 0 0 0 0 0 0 0 0 0 0 0 0 0 0 0; 0 0 0 0 0 0 0 0 0 0 0 0 0 0 0 0 0 0 0 0 0 0 0 0; 0 0 0 0 0 0 0 0 0 0 0 0 0 0 0 0 0 0 0 0 0 0 0 0; 0 0 0 0 0 0 0 0 0 0 0 0 0 0 0 0 0 0 0 0 0 0 0 0;];
  t1 = K__D(1,1);
  t2 = t1 ^ 2;
  t3 = Ta ^ 2;
  t5 = Ta * t1;
  t7 = exp(-t5 / 0.2e1);
  t9 = Ta * t7 * t1;
  t14 = 0.1e1 / t2;
  m(1,1) = t14 * (t2 * t3 - 0.8e1 * t5 - 0.24e2 * t7 - 0.4e1 * t9 + 0.24e2) / 0.2e1;
  m(1,2) = 0.0e0;
  m(1,3) = 0.0e0;
  m(1,4) = 0.0e0;
  m(1,5) = 0.0e0;
  m(1,6) = 0.0e0;
  m(1,7) = 0.1e1 / t1 * (t9 + t5 + 0.4e1 * t7 - 0.4e1);
  m(1,8) = 0.0e0;
  m(1,9) = 0.0e0;
  m(1,10) = 0.0e0;
  m(1,11) = 0.0e0;
  m(1,12) = 0.0e0;
  m(1,13) = -0.2e1 * t14 * (t9 + 0.2e1 * t7 - 0.2e1);
  m(1,14) = 0.0e0;
  m(1,15) = 0.0e0;
  m(1,16) = 0.0e0;
  m(1,17) = 0.0e0;
  m(1,18) = 0.0e0;
  m(1,19) = t7 * Ta;
  m(1,20) = 0.0e0;
  m(1,21) = 0.0e0;
  m(1,22) = 0.0e0;
  m(1,23) = 0.0e0;
  m(1,24) = 0.0e0;
  m(2,1) = 0.0e0;
  t23 = K__D(2,2);
  t24 = t23 ^ 2;
  t26 = t23 * Ta;
  t28 = exp(-t26 / 0.2e1);
  t30 = Ta * t28 * t23;
  t35 = 0.1e1 / t24;
  m(2,2) = t35 * (t3 * t24 - 0.8e1 * t26 - 0.24e2 * t28 - 0.4e1 * t30 + 0.24e2) / 0.2e1;
  m(2,3) = 0.0e0;
  m(2,4) = 0.0e0;
  m(2,5) = 0.0e0;
  m(2,6) = 0.0e0;
  m(2,7) = 0.0e0;
  m(2,8) = 0.1e1 / t23 * (t30 + t26 + 0.4e1 * t28 - 0.4e1);
  m(2,9) = 0.0e0;
  m(2,10) = 0.0e0;
  m(2,11) = 0.0e0;
  m(2,12) = 0.0e0;
  m(2,13) = 0.0e0;
  m(2,14) = -0.2e1 * t35 * (t30 + 0.2e1 * t28 - 0.2e1);
  m(2,15) = 0.0e0;
  m(2,16) = 0.0e0;
  m(2,17) = 0.0e0;
  m(2,18) = 0.0e0;
  m(2,19) = 0.0e0;
  m(2,20) = t28 * Ta;
  m(2,21) = 0.0e0;
  m(2,22) = 0.0e0;
  m(2,23) = 0.0e0;
  m(2,24) = 0.0e0;
  m(3,1) = 0.0e0;
  m(3,2) = 0.0e0;
  t44 = K__D(3,3);
  t45 = t44 ^ 2;
  t47 = t44 * Ta;
  t49 = exp(-t47 / 0.2e1);
  t51 = Ta * t49 * t44;
  t56 = 0.1e1 / t45;
  m(3,3) = t56 * (t3 * t45 - 0.8e1 * t47 - 0.24e2 * t49 - 0.4e1 * t51 + 0.24e2) / 0.2e1;
  m(3,4) = 0.0e0;
  m(3,5) = 0.0e0;
  m(3,6) = 0.0e0;
  m(3,7) = 0.0e0;
  m(3,8) = 0.0e0;
  m(3,9) = 0.1e1 / t44 * (t51 + t47 + 0.4e1 * t49 - 0.4e1);
  m(3,10) = 0.0e0;
  m(3,11) = 0.0e0;
  m(3,12) = 0.0e0;
  m(3,13) = 0.0e0;
  m(3,14) = 0.0e0;
  m(3,15) = -0.2e1 * t56 * (t51 + 0.2e1 * t49 - 0.2e1);
  m(3,16) = 0.0e0;
  m(3,17) = 0.0e0;
  m(3,18) = 0.0e0;
  m(3,19) = 0.0e0;
  m(3,20) = 0.0e0;
  m(3,21) = Ta * t49;
  m(3,22) = 0.0e0;
  m(3,23) = 0.0e0;
  m(3,24) = 0.0e0;
  m(4,1) = 0.0e0;
  m(4,2) = 0.0e0;
  m(4,3) = 0.0e0;
  t65 = K__D(4,4);
  t66 = t65 ^ 2;
  t68 = t65 * Ta;
  t70 = exp(-t68 / 0.2e1);
  t72 = Ta * t70 * t65;
  t77 = 0.1e1 / t66;
  m(4,4) = t77 * (t3 * t66 - 0.8e1 * t68 - 0.24e2 * t70 - 0.4e1 * t72 + 0.24e2) / 0.2e1;
  m(4,5) = 0.0e0;
  m(4,6) = 0.0e0;
  m(4,7) = 0.0e0;
  m(4,8) = 0.0e0;
  m(4,9) = 0.0e0;
  m(4,10) = 0.1e1 / t65 * (t72 + t68 + 0.4e1 * t70 - 0.4e1);
  m(4,11) = 0.0e0;
  m(4,12) = 0.0e0;
  m(4,13) = 0.0e0;
  m(4,14) = 0.0e0;
  m(4,15) = 0.0e0;
  m(4,16) = -0.2e1 * t77 * (t72 + 0.2e1 * t70 - 0.2e1);
  m(4,17) = 0.0e0;
  m(4,18) = 0.0e0;
  m(4,19) = 0.0e0;
  m(4,20) = 0.0e0;
  m(4,21) = 0.0e0;
  m(4,22) = t70 * Ta;
  m(4,23) = 0.0e0;
  m(4,24) = 0.0e0;
  m(5,1) = 0.0e0;
  m(5,2) = 0.0e0;
  m(5,3) = 0.0e0;
  m(5,4) = 0.0e0;
  t86 = K__D(5,5);
  t87 = t86 ^ 2;
  t89 = Ta * t86;
  t91 = exp(-t89 / 0.2e1);
  t93 = Ta * t91 * t86;
  t98 = 0.1e1 / t87;
  m(5,5) = t98 * (t3 * t87 - 0.8e1 * t89 - 0.24e2 * t91 - 0.4e1 * t93 + 0.24e2) / 0.2e1;
  m(5,6) = 0.0e0;
  m(5,7) = 0.0e0;
  m(5,8) = 0.0e0;
  m(5,9) = 0.0e0;
  m(5,10) = 0.0e0;
  m(5,11) = 0.1e1 / t86 * (t93 + t89 + 0.4e1 * t91 - 0.4e1);
  m(5,12) = 0.0e0;
  m(5,13) = 0.0e0;
  m(5,14) = 0.0e0;
  m(5,15) = 0.0e0;
  m(5,16) = 0.0e0;
  m(5,17) = -0.2e1 * t98 * (t93 + 0.2e1 * t91 - 0.2e1);
  m(5,18) = 0.0e0;
  m(5,19) = 0.0e0;
  m(5,20) = 0.0e0;
  m(5,21) = 0.0e0;
  m(5,22) = 0.0e0;
  m(5,23) = t91 * Ta;
  m(5,24) = 0.0e0;
  m(6,1) = 0.0e0;
  m(6,2) = 0.0e0;
  m(6,3) = 0.0e0;
  m(6,4) = 0.0e0;
  m(6,5) = 0.0e0;
  t107 = K__D(6,6);
  t108 = t107 ^ 2;
  t110 = Ta * t107;
  t112 = exp(-t110 / 0.2e1);
  t114 = Ta * t112 * t107;
  t119 = 0.1e1 / t108;
  m(6,6) = t119 * (t108 * t3 - 0.8e1 * t110 - 0.24e2 * t112 - 0.4e1 * t114 + 0.24e2) / 0.2e1;
  m(6,7) = 0.0e0;
  m(6,8) = 0.0e0;
  m(6,9) = 0.0e0;
  m(6,10) = 0.0e0;
  m(6,11) = 0.0e0;
  m(6,12) = 0.1e1 / t107 * (t114 + t110 + 0.4e1 * t112 - 0.4e1);
  m(6,13) = 0.0e0;
  m(6,14) = 0.0e0;
  m(6,15) = 0.0e0;
  m(6,16) = 0.0e0;
  m(6,17) = 0.0e0;
  m(6,18) = -0.2e1 * t119 * (t114 + 0.2e1 * t112 - 0.2e1);
  m(6,19) = 0.0e0;
  m(6,20) = 0.0e0;
  m(6,21) = 0.0e0;
  m(6,22) = 0.0e0;
  m(6,23) = 0.0e0;
  m(6,24) = Ta * t112;
  tmpreturn = m';
