function tmpreturn = Phi_kin(t, K__D, K__P)
  m = [0 0 0 0 0 0 0 0 0 0 0 0 0 0 0 0 0 0 0 0 0 0 0 0; 0 0 0 0 0 0 0 0 0 0 0 0 0 0 0 0 0 0 0 0 0 0 0 0; 0 0 0 0 0 0 0 0 0 0 0 0 0 0 0 0 0 0 0 0 0 0 0 0; 0 0 0 0 0 0 0 0 0 0 0 0 0 0 0 0 0 0 0 0 0 0 0 0; 0 0 0 0 0 0 0 0 0 0 0 0 0 0 0 0 0 0 0 0 0 0 0 0; 0 0 0 0 0 0 0 0 0 0 0 0 0 0 0 0 0 0 0 0 0 0 0 0; 0 0 0 0 0 0 0 0 0 0 0 0 0 0 0 0 0 0 0 0 0 0 0 0; 0 0 0 0 0 0 0 0 0 0 0 0 0 0 0 0 0 0 0 0 0 0 0 0; 0 0 0 0 0 0 0 0 0 0 0 0 0 0 0 0 0 0 0 0 0 0 0 0; 0 0 0 0 0 0 0 0 0 0 0 0 0 0 0 0 0 0 0 0 0 0 0 0; 0 0 0 0 0 0 0 0 0 0 0 0 0 0 0 0 0 0 0 0 0 0 0 0; 0 0 0 0 0 0 0 0 0 0 0 0 0 0 0 0 0 0 0 0 0 0 0 0; 0 0 0 0 0 0 0 0 0 0 0 0 0 0 0 0 0 0 0 0 0 0 0 0; 0 0 0 0 0 0 0 0 0 0 0 0 0 0 0 0 0 0 0 0 0 0 0 0; 0 0 0 0 0 0 0 0 0 0 0 0 0 0 0 0 0 0 0 0 0 0 0 0; 0 0 0 0 0 0 0 0 0 0 0 0 0 0 0 0 0 0 0 0 0 0 0 0; 0 0 0 0 0 0 0 0 0 0 0 0 0 0 0 0 0 0 0 0 0 0 0 0; 0 0 0 0 0 0 0 0 0 0 0 0 0 0 0 0 0 0 0 0 0 0 0 0; 0 0 0 0 0 0 0 0 0 0 0 0 0 0 0 0 0 0 0 0 0 0 0 0; 0 0 0 0 0 0 0 0 0 0 0 0 0 0 0 0 0 0 0 0 0 0 0 0; 0 0 0 0 0 0 0 0 0 0 0 0 0 0 0 0 0 0 0 0 0 0 0 0; 0 0 0 0 0 0 0 0 0 0 0 0 0 0 0 0 0 0 0 0 0 0 0 0; 0 0 0 0 0 0 0 0 0 0 0 0 0 0 0 0 0 0 0 0 0 0 0 0; 0 0 0 0 0 0 0 0 0 0 0 0 0 0 0 0 0 0 0 0 0 0 0 0;];
  m(1,1) = 1;
  m(1,2) = 0;
  m(1,3) = 0;
  m(1,4) = 0;
  m(1,5) = 0;
  m(1,6) = 0;
  m(1,7) = t;
  m(1,8) = 0;
  m(1,9) = 0;
  m(1,10) = 0;
  m(1,11) = 0;
  m(1,12) = 0;
  t1 = K__P(1,1);
  t2 = K__D(1,1);
  t3 = (t2 ^ 2);
  t6 = sqrt((t3 - 4 * t1));
  t7 = 0.1e1 / t6;
  t11 = t6 * (t3 / 0.2e1 - t1 / 0.2e1);
  t15 = ((t3 - 3 * t1) * t2) / 0.2e1;
  t17 = t2 - t6;
  t20 = exp(-t17 * t / 0.2e1);
  t23 = t2 + t6;
  t26 = exp(-t * t23 / 0.2e1);
  t33 = t23 ^ 2;
  t36 = t17 ^ 2;
  t21 = 0.1e1 / t36 / t33;
  m(1,13) = (0.16e2 * (t20 * (t11 + t15) + t26 * (t11 - t15) + (t * t1 * t2 + t1 - t3) * t6) * t7 * t1 * t21);
  m(1,14) = 0;
  m(1,15) = 0;
  m(1,16) = 0;
  m(1,17) = 0;
  m(1,18) = 0;
  t40 = t3 / 0.2e1;
  t41 = t6 * t2;
  t42 = t41 / 0.2e1;
  t53 = t7 * t21;
  m(1,19) = (0.16e2 * t53 * (t20 * (t40 + t42 - t1) + t26 * (-t40 + t42 + t1) + (t * t1 - t2) * t6) * t1);
  m(1,20) = 0;
  m(1,21) = 0;
  m(1,22) = 0;
  m(1,23) = 0;
  m(1,24) = 0;
  m(2,1) = 0;
  m(2,2) = 1;
  m(2,3) = 0;
  m(2,4) = 0;
  m(2,5) = 0;
  m(2,6) = 0;
  m(2,7) = 0;
  m(2,8) = t;
  m(2,9) = 0;
  m(2,10) = 0;
  m(2,11) = 0;
  m(2,12) = 0;
  m(2,13) = 0;
  t55 = K__P(2,2);
  t56 = K__D(2,2);
  t57 = (t56 ^ 2);
  t60 = sqrt((t57 - 4 * t55));
  t61 = 0.1e1 / t60;
  t65 = t60 * (t57 / 0.2e1 - t55 / 0.2e1);
  t69 = ((t57 - 3 * t55) * t56) / 0.2e1;
  t71 = t56 - t60;
  t74 = exp(-t * t71 / 0.2e1);
  t77 = t56 + t60;
  t80 = exp(-t * t77 / 0.2e1);
  t87 = t77 ^ 2;
  t90 = t71 ^ 2;
  t73 = 0.1e1 / t90 / t87;
  m(2,14) = (0.16e2 * (t74 * (t65 + t69) + t80 * (t65 - t69) + (t * t55 * t56 + t55 - t57) * t60) * t61 * t55 * t73);
  m(2,15) = 0;
  m(2,16) = 0;
  m(2,17) = 0;
  m(2,18) = 0;
  m(2,19) = 0;
  t94 = t57 / 0.2e1;
  t95 = t60 * t56;
  t96 = t95 / 0.2e1;
  t107 = t61 * t73;
  m(2,20) = (0.16e2 * t107 * (t74 * (t94 + t96 - t55) + t80 * (-t94 + t96 + t55) + (t * t55 - t56) * t60) * t55);
  m(2,21) = 0;
  m(2,22) = 0;
  m(2,23) = 0;
  m(2,24) = 0;
  m(3,1) = 0;
  m(3,2) = 0;
  m(3,3) = 1;
  m(3,4) = 0;
  m(3,5) = 0;
  m(3,6) = 0;
  m(3,7) = 0;
  m(3,8) = 0;
  m(3,9) = t;
  m(3,10) = 0;
  m(3,11) = 0;
  m(3,12) = 0;
  m(3,13) = 0;
  m(3,14) = 0;
  t109 = K__P(3,3);
  t110 = K__D(3,3);
  t111 = (t110 ^ 2);
  t114 = sqrt((t111 - 4 * t109));
  t115 = 0.1e1 / t114;
  t119 = t114 * (t111 / 0.2e1 - t109 / 0.2e1);
  t123 = ((t111 - 3 * t109) * t110) / 0.2e1;
  t125 = t110 - t114;
  t128 = exp(-t125 * t / 0.2e1);
  t131 = t110 + t114;
  t134 = exp(-t * t131 / 0.2e1);
  t141 = t131 ^ 2;
  t144 = t125 ^ 2;
  t126 = 0.1e1 / t144 / t141;
  m(3,15) = (0.16e2 * (t128 * (t119 + t123) + t134 * (t119 - t123) + (t * t109 * t110 + t109 - t111) * t114) * t115 * t109 * t126);
  m(3,16) = 0;
  m(3,17) = 0;
  m(3,18) = 0;
  m(3,19) = 0;
  m(3,20) = 0;
  t148 = t111 / 0.2e1;
  t149 = t114 * t110;
  t150 = t149 / 0.2e1;
  t161 = t115 * t126;
  m(3,21) = (0.16e2 * t161 * (t128 * (t148 + t150 - t109) + t134 * (-t148 + t150 + t109) + (t109 * t - t110) * t114) * t109);
  m(3,22) = 0;
  m(3,23) = 0;
  m(3,24) = 0;
  m(4,1) = 0;
  m(4,2) = 0;
  m(4,3) = 0;
  m(4,4) = 1;
  m(4,5) = 0;
  m(4,6) = 0;
  m(4,7) = 0;
  m(4,8) = 0;
  m(4,9) = 0;
  m(4,10) = t;
  m(4,11) = 0;
  m(4,12) = 0;
  m(4,13) = 0;
  m(4,14) = 0;
  m(4,15) = 0;
  t163 = K__P(4,4);
  t164 = K__D(4,4);
  t165 = (t164 ^ 2);
  t168 = sqrt((t165 - 4 * t163));
  t169 = 0.1e1 / t168;
  t173 = t168 * (t165 / 0.2e1 - t163 / 0.2e1);
  t177 = ((t165 - 3 * t163) * t164) / 0.2e1;
  t179 = t164 - t168;
  t182 = exp(-t179 * t / 0.2e1);
  t185 = t164 + t168;
  t188 = exp(-t * t185 / 0.2e1);
  t195 = t185 ^ 2;
  t198 = t179 ^ 2;
  t178 = 0.1e1 / t198 / t195;
  m(4,16) = (0.16e2 * (t182 * (t173 + t177) + t188 * (t173 - t177) + (t * t163 * t164 + t163 - t165) * t168) * t169 * t163 * t178);
  m(4,17) = 0;
  m(4,18) = 0;
  m(4,19) = 0;
  m(4,20) = 0;
  m(4,21) = 0;
  t202 = t165 / 0.2e1;
  t203 = t168 * t164;
  t204 = t203 / 0.2e1;
  t215 = t169 * t178;
  m(4,22) = (0.16e2 * t215 * (t182 * (t202 + t204 - t163) + t188 * (-t202 + t204 + t163) + (t163 * t - t164) * t168) * t163);
  m(4,23) = 0;
  m(4,24) = 0;
  m(5,1) = 0;
  m(5,2) = 0;
  m(5,3) = 0;
  m(5,4) = 0;
  m(5,5) = 1;
  m(5,6) = 0;
  m(5,7) = 0;
  m(5,8) = 0;
  m(5,9) = 0;
  m(5,10) = 0;
  m(5,11) = t;
  m(5,12) = 0;
  m(5,13) = 0;
  m(5,14) = 0;
  m(5,15) = 0;
  m(5,16) = 0;
  t217 = K__P(5,5);
  t218 = K__D(5,5);
  t219 = (t218 ^ 2);
  t222 = sqrt((t219 - 4 * t217));
  t223 = 0.1e1 / t222;
  t227 = t222 * (t219 / 0.2e1 - t217 / 0.2e1);
  t231 = ((t219 - 3 * t217) * t218) / 0.2e1;
  t233 = t218 - t222;
  t236 = exp(-t * t233 / 0.2e1);
  t239 = t218 + t222;
  t242 = exp(-t * t239 / 0.2e1);
  t249 = t239 ^ 2;
  t252 = t233 ^ 2;
  t230 = 0.1e1 / t252 / t249;
  m(5,17) = (0.16e2 * (t236 * (t227 + t231) + t242 * (t227 - t231) + (t * t217 * t218 + t217 - t219) * t222) * t223 * t217 * t230);
  m(5,18) = 0;
  m(5,19) = 0;
  m(5,20) = 0;
  m(5,21) = 0;
  m(5,22) = 0;
  t256 = t219 / 0.2e1;
  t257 = t222 * t218;
  t258 = t257 / 0.2e1;
  t269 = t223 * t230;
  m(5,23) = (0.16e2 * t269 * (t236 * (t256 + t258 - t217) + t242 * (-t256 + t258 + t217) + (t * t217 - t218) * t222) * t217);
  m(5,24) = 0;
  m(6,1) = 0;
  m(6,2) = 0;
  m(6,3) = 0;
  m(6,4) = 0;
  m(6,5) = 0;
  m(6,6) = 1;
  m(6,7) = 0;
  m(6,8) = 0;
  m(6,9) = 0;
  m(6,10) = 0;
  m(6,11) = 0;
  m(6,12) = t;
  m(6,13) = 0;
  m(6,14) = 0;
  m(6,15) = 0;
  m(6,16) = 0;
  m(6,17) = 0;
  t271 = K__P(6,6);
  t272 = K__D(6,6);
  t273 = (t272 ^ 2);
  t276 = sqrt((t273 - 4 * t271));
  t277 = 0.1e1 / t276;
  t281 = t276 * (t273 / 0.2e1 - t271 / 0.2e1);
  t285 = ((t273 - 3 * t271) * t272) / 0.2e1;
  t287 = t272 - t276;
  t290 = exp(-t * t287 / 0.2e1);
  t293 = t272 + t276;
  t296 = exp(-t * t293 / 0.2e1);
  t303 = t293 ^ 2;
  t306 = t287 ^ 2;
  t283 = 0.1e1 / t306 / t303;
  m(6,18) = (0.16e2 * (t290 * (t281 + t285) + t296 * (t281 - t285) + (t * t271 * t272 + t271 - t273) * t276) * t277 * t271 * t283);
  m(6,19) = 0;
  m(6,20) = 0;
  m(6,21) = 0;
  m(6,22) = 0;
  m(6,23) = 0;
  t310 = t273 / 0.2e1;
  t311 = t276 * t272;
  t312 = t311 / 0.2e1;
  t323 = t283 * t277;
  m(6,24) = (0.16e2 * t323 * (t290 * (t310 + t312 - t271) + t296 * (-t310 + t312 + t271) + (t * t271 - t272) * t276) * t271);
  m(7,1) = 0;
  m(7,2) = 0;
  m(7,3) = 0;
  m(7,4) = 0;
  m(7,5) = 0;
  m(7,6) = 0;
  m(7,7) = 1;
  m(7,8) = 0;
  m(7,9) = 0;
  m(7,10) = 0;
  m(7,11) = 0;
  m(7,12) = 0;
  t325 = t1 ^ 2;
  t326 = 2 * t1;
  m(7,13) = -(0.8e1 * t53 * (t20 * (t3 + t41 - t326) + t26 * (-t3 + t41 + t326) - 0.2e1 * t41) * t325);
  m(7,14) = 0;
  m(7,15) = 0;
  m(7,16) = 0;
  m(7,17) = 0;
  m(7,18) = 0;
  t336 = t20 * t23;
  t330 = t17 * t26;
  m(7,19) = -((-t330 + t336 - 0.2e1 * t6) * t7 / 0.2e1);
  m(7,20) = 0;
  m(7,21) = 0;
  m(7,22) = 0;
  m(7,23) = 0;
  m(7,24) = 0;
  m(8,1) = 0;
  m(8,2) = 0;
  m(8,3) = 0;
