function tmpreturn = Phi_kin_aperiod(t, K__D)
  m = [0 0 0 0 0 0 0 0 0 0 0 0 0 0 0 0 0 0 0 0 0 0 0 0; 0 0 0 0 0 0 0 0 0 0 0 0 0 0 0 0 0 0 0 0 0 0 0 0; 0 0 0 0 0 0 0 0 0 0 0 0 0 0 0 0 0 0 0 0 0 0 0 0; 0 0 0 0 0 0 0 0 0 0 0 0 0 0 0 0 0 0 0 0 0 0 0 0; 0 0 0 0 0 0 0 0 0 0 0 0 0 0 0 0 0 0 0 0 0 0 0 0; 0 0 0 0 0 0 0 0 0 0 0 0 0 0 0 0 0 0 0 0 0 0 0 0; 0 0 0 0 0 0 0 0 0 0 0 0 0 0 0 0 0 0 0 0 0 0 0 0; 0 0 0 0 0 0 0 0 0 0 0 0 0 0 0 0 0 0 0 0 0 0 0 0; 0 0 0 0 0 0 0 0 0 0 0 0 0 0 0 0 0 0 0 0 0 0 0 0; 0 0 0 0 0 0 0 0 0 0 0 0 0 0 0 0 0 0 0 0 0 0 0 0; 0 0 0 0 0 0 0 0 0 0 0 0 0 0 0 0 0 0 0 0 0 0 0 0; 0 0 0 0 0 0 0 0 0 0 0 0 0 0 0 0 0 0 0 0 0 0 0 0; 0 0 0 0 0 0 0 0 0 0 0 0 0 0 0 0 0 0 0 0 0 0 0 0; 0 0 0 0 0 0 0 0 0 0 0 0 0 0 0 0 0 0 0 0 0 0 0 0; 0 0 0 0 0 0 0 0 0 0 0 0 0 0 0 0 0 0 0 0 0 0 0 0; 0 0 0 0 0 0 0 0 0 0 0 0 0 0 0 0 0 0 0 0 0 0 0 0; 0 0 0 0 0 0 0 0 0 0 0 0 0 0 0 0 0 0 0 0 0 0 0 0; 0 0 0 0 0 0 0 0 0 0 0 0 0 0 0 0 0 0 0 0 0 0 0 0; 0 0 0 0 0 0 0 0 0 0 0 0 0 0 0 0 0 0 0 0 0 0 0 0; 0 0 0 0 0 0 0 0 0 0 0 0 0 0 0 0 0 0 0 0 0 0 0 0; 0 0 0 0 0 0 0 0 0 0 0 0 0 0 0 0 0 0 0 0 0 0 0 0; 0 0 0 0 0 0 0 0 0 0 0 0 0 0 0 0 0 0 0 0 0 0 0 0; 0 0 0 0 0 0 0 0 0 0 0 0 0 0 0 0 0 0 0 0 0 0 0 0; 0 0 0 0 0 0 0 0 0 0 0 0 0 0 0 0 0 0 0 0 0 0 0 0;];
  m(1,1) = 1;
  m(1,2) = 0;
  m(1,3) = 0;
  m(1,4) = 0;
  m(1,5) = 0;
  m(1,6) = 0;
  m(1,7) = t;
  m(1,8) = 0;
  m(1,9) = 0;
  m(1,10) = 0;
  m(1,11) = 0;
  m(1,12) = 0;
  t1 = K__D(1,1);
  t2 = t1 * t;
  t4 = exp(-t2 / 0.2e1);
  t6 = t1 * t * t4;
  t7 = 0.2e1 * t6;
  t8 = 4 * t2;
  t11 = t1 ^ 2;
  t12 = 1 / t11;
  m(1,13) = (t12 * (t7 + t8 + 0.12e2 * t4 - 0.12e2));
  m(1,14) = 0;
  m(1,15) = 0;
  m(1,16) = 0;
  m(1,17) = 0;
  m(1,18) = 0;
  t13 = 1 / t1;
  m(1,19) = ((0.4e1 * t6 + t8 + 0.16e2 * t4 - 0.16e2) * t13 * t12);
  m(1,20) = 0;
  m(1,21) = 0;
  m(1,22) = 0;
  m(1,23) = 0;
  m(1,24) = 0;
  m(2,1) = 0;
  m(2,2) = 1;
  m(2,3) = 0;
  m(2,4) = 0;
  m(2,5) = 0;
  m(2,6) = 0;
  m(2,7) = 0;
  m(2,8) = t;
  m(2,9) = 0;
  m(2,10) = 0;
  m(2,11) = 0;
  m(2,12) = 0;
  m(2,13) = 0;
  t18 = K__D(2,2);
  t19 = t18 * t;
  t21 = exp(-t19 / 0.2e1);
  t23 = t18 * t * t21;
  t24 = 0.2e1 * t23;
  t25 = 4 * t19;
  t28 = t18 ^ 2;
  t29 = 1 / t28;
  m(2,14) = (t29 * (t24 + t25 + 0.12e2 * t21 - 0.12e2));
  m(2,15) = 0;
  m(2,16) = 0;
  m(2,17) = 0;
  m(2,18) = 0;
  m(2,19) = 0;
  t30 = 1 / t18;
  m(2,20) = ((0.4e1 * t23 + t25 + 0.16e2 * t21 - 0.16e2) * t30 * t29);
  m(2,21) = 0;
  m(2,22) = 0;
  m(2,23) = 0;
  m(2,24) = 0;
  m(3,1) = 0;
  m(3,2) = 0;
  m(3,3) = 1;
  m(3,4) = 0;
  m(3,5) = 0;
  m(3,6) = 0;
  m(3,7) = 0;
  m(3,8) = 0;
  m(3,9) = t;
  m(3,10) = 0;
  m(3,11) = 0;
  m(3,12) = 0;
  m(3,13) = 0;
  m(3,14) = 0;
  t35 = K__D(3,3);
  t36 = t35 * t;
  t38 = exp(-t36 / 0.2e1);
  t40 = t35 * t * t38;
  t41 = 0.2e1 * t40;
  t42 = 4 * t36;
  t45 = t35 ^ 2;
  t46 = 1 / t45;
  m(3,15) = (t46 * (t41 + t42 + 0.12e2 * t38 - 0.12e2));
  m(3,16) = 0;
  m(3,17) = 0;
  m(3,18) = 0;
  m(3,19) = 0;
  m(3,20) = 0;
  t47 = 1 / t35;
  m(3,21) = ((0.4e1 * t40 + t42 + 0.16e2 * t38 - 0.16e2) * t47 * t46);
  m(3,22) = 0;
  m(3,23) = 0;
  m(3,24) = 0;
  m(4,1) = 0;
  m(4,2) = 0;
  m(4,3) = 0;
  m(4,4) = 1;
  m(4,5) = 0;
  m(4,6) = 0;
  m(4,7) = 0;
  m(4,8) = 0;
  m(4,9) = 0;
  m(4,10) = t;
  m(4,11) = 0;
  m(4,12) = 0;
  m(4,13) = 0;
  m(4,14) = 0;
  m(4,15) = 0;
  t52 = K__D(4,4);
  t53 = t * t52;
  t55 = exp(-t53 / 0.2e1);
  t57 = t52 * t * t55;
  t58 = 0.2e1 * t57;
  t59 = 4 * t53;
  t62 = t52 ^ 2;
  t63 = 1 / t62;
  m(4,16) = (t63 * (t58 + t59 + 0.12e2 * t55 - 0.12e2));
  m(4,17) = 0;
  m(4,18) = 0;
  m(4,19) = 0;
  m(4,20) = 0;
  m(4,21) = 0;
  t64 = 1 / t52;
  m(4,22) = ((0.4e1 * t57 + t59 + 0.16e2 * t55 - 0.16e2) * t64 * t63);
  m(4,23) = 0;
  m(4,24) = 0;
  m(5,1) = 0;
  m(5,2) = 0;
  m(5,3) = 0;
  m(5,4) = 0;
  m(5,5) = 1;
  m(5,6) = 0;
  m(5,7) = 0;
  m(5,8) = 0;
  m(5,9) = 0;
  m(5,10) = 0;
  m(5,11) = t;
  m(5,12) = 0;
  m(5,13) = 0;
  m(5,14) = 0;
  m(5,15) = 0;
  m(5,16) = 0;
  t69 = K__D(5,5);
  t70 = t * t69;
  t72 = exp(-t70 / 0.2e1);
  t74 = t69 * t * t72;
  t75 = 0.2e1 * t74;
  t76 = 4 * t70;
  t79 = t69 ^ 2;
  t80 = 1 / t79;
  m(5,17) = (t80 * (t75 + t76 + 0.12e2 * t72 - 0.12e2));
  m(5,18) = 0;
  m(5,19) = 0;
  m(5,20) = 0;
  m(5,21) = 0;
  m(5,22) = 0;
  t81 = 1 / t69;
  m(5,23) = ((0.4e1 * t74 + t76 + 0.16e2 * t72 - 0.16e2) * t81 * t80);
  m(5,24) = 0;
  m(6,1) = 0;
  m(6,2) = 0;
  m(6,3) = 0;
  m(6,4) = 0;
  m(6,5) = 0;
  m(6,6) = 1;
  m(6,7) = 0;
  m(6,8) = 0;
  m(6,9) = 0;
  m(6,10) = 0;
  m(6,11) = 0;
  m(6,12) = t;
  m(6,13) = 0;
  m(6,14) = 0;
  m(6,15) = 0;
  m(6,16) = 0;
  m(6,17) = 0;
  t86 = K__D(6,6);
  t87 = t86 * t;
  t89 = exp(-t87 / 0.2e1);
  t91 = t86 * t * t89;
  t92 = 0.2e1 * t91;
  t93 = 4 * t87;
  t96 = t86 ^ 2;
  t97 = 1 / t96;
  m(6,18) = (t97 * (t92 + t93 + 0.12e2 * t89 - 0.12e2));
  m(6,19) = 0;
  m(6,20) = 0;
  m(6,21) = 0;
  m(6,22) = 0;
  m(6,23) = 0;
  t98 = 1 / t86;
  m(6,24) = ((0.4e1 * t91 + t93 + 0.16e2 * t89 - 0.16e2) * t98 * t97);
  m(7,1) = 0;
  m(7,2) = 0;
  m(7,3) = 0;
  m(7,4) = 0;
  m(7,5) = 0;
  m(7,6) = 0;
  m(7,7) = 1;
  m(7,8) = 0;
  m(7,9) = 0;
  m(7,10) = 0;
  m(7,11) = 0;
  m(7,12) = 0;
  t103 = 0.4e1 * t4;
  m(7,13) = ((-t6 - t103 + 0.4e1) * t13);
  m(7,14) = 0;
  m(7,15) = 0;
  m(7,16) = 0;
  m(7,17) = 0;
  m(7,18) = 0;
  m(7,19) = (t12 * (-t7 - t103 + 0.4e1));
  m(7,20) = 0;
  m(7,21) = 0;
  m(7,22) = 0;
  m(7,23) = 0;
  m(7,24) = 0;
  m(8,1) = 0;
  m(8,2) = 0;
  m(8,3) = 0;
  m(8,4) = 0;
  m(8,5) = 0;
  m(8,6) = 0;
  m(8,7) = 0;
  m(8,8) = 1;
  m(8,9) = 0;
  m(8,10) = 0;
  m(8,11) = 0;
  m(8,12) = 0;
  m(8,13) = 0;
  t107 = 0.4e1 * t21;
  m(8,14) = ((-t23 - t107 + 0.4e1) * t30);
  m(8,15) = 0;
  m(8,16) = 0;
  m(8,17) = 0;
  m(8,18) = 0;
  m(8,19) = 0;
  m(8,20) = (t29 * (-t24 - t107 + 0.4e1));
  m(8,21) = 0;
  m(8,22) = 0;
  m(8,23) = 0;
  m(8,24) = 0;
  m(9,1) = 0;
  m(9,2) = 0;
  m(9,3) = 0;
  m(9,4) = 0;
  m(9,5) = 0;
  m(9,6) = 0;
  m(9,7) = 0;
  m(9,8) = 0;
  m(9,9) = 1;
  m(9,10) = 0;
  m(9,11) = 0;
  m(9,12) = 0;
  m(9,13) = 0;
  m(9,14) = 0;
  t111 = 0.4e1 * t38;
  m(9,15) = ((-t40 - t111 + 0.4e1) * t47);
  m(9,16) = 0;
  m(9,17) = 0;
  m(9,18) = 0;
  m(9,19) = 0;
  m(9,20) = 0;
  m(9,21) = (t46 * (-t41 - t111 + 0.4e1));
  m(9,22) = 0;
  m(9,23) = 0;
  m(9,24) = 0;
  m(10,1) = 0;
  m(10,2) = 0;
  m(10,3) = 0;
  m(10,4) = 0;
  m(10,5) = 0;
  m(10,6) = 0;
  m(10,7) = 0;
  m(10,8) = 0;
  m(10,9) = 0;
  m(10,10) = 1;
  m(10,11) = 0;
  m(10,12) = 0;
  m(10,13) = 0;
  m(10,14) = 0;
  m(10,15) = 0;
  t115 = 0.4e1 * t55;
  m(10,16) = ((-t57 - t115 + 0.4e1) * t64);
  m(10,17) = 0;
  m(10,18) = 0;
  m(10,19) = 0;
  m(10,20) = 0;
  m(10,21) = 0;
  m(10,22) = (t63 * (-t58 - t115 + 0.4e1));
  m(10,23) = 0;
  m(10,24) = 0;
  m(11,1) = 0;
  m(11,2) = 0;
  m(11,3) = 0;
  m(11,4) = 0;
  m(11,5) = 0;
  m(11,6) = 0;
  m(11,7) = 0;
  m(11,8) = 0;
  m(11,9) = 0;
  m(11,10) = 0;
  m(11,11) = 1;
  m(11,12) = 0;
  m(11,13) = 0;
  m(11,14) = 0;
  m(11,15) = 0;
  m(11,16) = 0;
  t119 = 0.4e1 * t72;
  m(11,17) = ((-t74 - t119 + 0.4e1) * t81);
  m(11,18) = 0;
  m(11,19) = 0;
  m(11,20) = 0;
  m(11,21) = 0;
  m(11,22) = 0;
  m(11,23) = (t80 * (-t75 - t119 + 0.4e1));
  m(11,24) = 0;
  m(12,1) = 0;
  m(12,2) = 0;
  m(12,3) = 0;
  m(12,4) = 0;
  m(12,5) = 0;
  m(12,6) = 0;
  m(12,7) = 0;
  m(12,8) = 0;
  m(12,9) = 0;
  m(12,10) = 0;
  m(12,11) = 0;
  m(12,12) = 1;
  m(12,13) = 0;
  m(12,14) = 0;
  m(12,15) = 0;
  m(12,16) = 0;
  m(12,17) = 0;
  t123 = 0.4e1 * t89;
  m(12,18) = ((-t91 - t123 + 0.4e1) * t98);
  m(12,19) = 0;
  m(12,20) = 0;
  m(12,21) = 0;
  m(12,22) = 0;
  m(12,23) = 0;
  m(12,24) = (t97 * (-t92 - t123 + 0.4e1));
  m(13,1) = 0;
  m(13,2) = 0;
  m(13,3) = 0;
  m(13,4) = 0;
  m(13,5) = 0;
  m(13,6) = 0;
  m(13,7) = 0;
  m(13,8) = 0;
  m(13,9) = 0;
  m(13,10) = 0;
  m(13,11) = 0;
  m(13,12) = 0;
  m(13,13) = ((t2 + 2) * t4 / 0.2e1);
  m(13,14) = 0;
  m(13,15) = 0;
  m(13,16) = 0;
  m(13,17) = 0;
  m(13,18) = 0;
  m(13,19) = (t * t4);
  m(13,20) = 0;
  m(13,21) = 0;
  m(13,22) = 0;
  m(13,23) = 0;
