function tmpreturn = Phi_kin_casadi_SX(t, K__D, K__P)
  m = casadi.SX(24,24);
  m(1,1) = 1;
  m(1,2) = 0;
  m(1,3) = 0;
  m(1,4) = 0;
  m(1,5) = 0;
  m(1,6) = 0;
  m(1,7) = t;
  m(1,8) = 0;
  m(1,9) = 0;
  m(1,10) = 0;
  m(1,11) = 0;
  m(1,12) = 0;
  t1 = K__D(1,1);
  t2 = (t1 ^ 2);
  t3 = K__P(1,1);
  t6 = sqrt((t2 - 4 * t3));
  t7 = 0.1e1 / t6;
  t10 = t6 * (t2 / 0.2e1 - t3 / 0.2e1);
  t14 = ((t2 - 3 * t3) * t1) / 0.2e1;
  t16 = t1 - t6;
  t19 = exp(-t16 * t / 0.2e1);
  t22 = t1 + t6;
  t25 = exp(-t22 * t / 0.2e1);
  t33 = t22 ^ 2;
  t35 = t16 ^ 2;
  t37 = 0.1e1 / t35 / t33;
  m(1,13) = (0.16e2 * t37 * (t19 * (t10 + t14) + t25 * (t10 - t14) + (t * t1 * t3 - t2 + t3) * t6) * t7);
  m(1,14) = 0;
  m(1,15) = 0;
  m(1,16) = 0;
  m(1,17) = 0;
  m(1,18) = 0;
  t39 = t2 / 0.2e1;
  t40 = t6 * t1;
  t41 = t40 / 0.2e1;
  m(1,19) = (0.16e2 * t37 * t7 * (t19 * (t39 + t41 - t3) + t25 * (-t39 + t41 + t3) + (t * t3 - t1) * t6));
  m(1,20) = 0;
  m(1,21) = 0;
  m(1,22) = 0;
  m(1,23) = 0;
  m(1,24) = 0;
  m(2,1) = 0;
  m(2,2) = 1;
  m(2,3) = 0;
  m(2,4) = 0;
  m(2,5) = 0;
  m(2,6) = 0;
  m(2,7) = 0;
  m(2,8) = t;
  m(2,9) = 0;
  m(2,10) = 0;
  m(2,11) = 0;
  m(2,12) = 0;
  m(2,13) = 0;
  t52 = K__D(2,2);
  t53 = (t52 ^ 2);
  t54 = K__P(2,2);
  t57 = sqrt((t53 - 4 * t54));
  t58 = 0.1e1 / t57;
  t61 = t57 * (t53 / 0.2e1 - t54 / 0.2e1);
  t65 = ((t53 - 3 * t54) * t52) / 0.2e1;
  t67 = t52 - t57;
  t70 = exp(-t * t67 / 0.2e1);
  t73 = t52 + t57;
  t76 = exp(-t * t73 / 0.2e1);
  t84 = t73 ^ 2;
  t86 = t67 ^ 2;
  t88 = 0.1e1 / t86 / t84;
  m(2,14) = (0.16e2 * t88 * (t70 * (t61 + t65) + t76 * (t61 - t65) + (t * t52 * t54 - t53 + t54) * t57) * t58);
  m(2,15) = 0;
  m(2,16) = 0;
  m(2,17) = 0;
  m(2,18) = 0;
  m(2,19) = 0;
  t90 = t53 / 0.2e1;
  t91 = t57 * t52;
  t92 = t91 / 0.2e1;
  m(2,20) = (0.16e2 * t88 * t58 * (t70 * (t90 + t92 - t54) + t76 * (-t90 + t92 + t54) + (t * t54 - t52) * t57));
  m(2,21) = 0;
  m(2,22) = 0;
  m(2,23) = 0;
  m(2,24) = 0;
  m(3,1) = 0;
  m(3,2) = 0;
  m(3,3) = 1;
  m(3,4) = 0;
  m(3,5) = 0;
  m(3,6) = 0;
  m(3,7) = 0;
  m(3,8) = 0;
  m(3,9) = t;
  m(3,10) = 0;
  m(3,11) = 0;
  m(3,12) = 0;
  m(3,13) = 0;
  m(3,14) = 0;
  t103 = K__D(3,3);
  t104 = (t103 ^ 2);
  t105 = K__P(3,3);
  t108 = sqrt((t104 - 4 * t105));
  t109 = 0.1e1 / t108;
  t112 = t108 * (t104 / 0.2e1 - t105 / 0.2e1);
  t116 = ((t104 - 3 * t105) * t103) / 0.2e1;
  t118 = t103 - t108;
  t121 = exp(-t * t118 / 0.2e1);
  t124 = t103 + t108;
  t127 = exp(-t124 * t / 0.2e1);
  t135 = t124 ^ 2;
  t137 = t118 ^ 2;
  t139 = 0.1e1 / t137 / t135;
  m(3,15) = (0.16e2 * t139 * (t121 * (t112 + t116) + t127 * (t112 - t116) + (t * t103 * t105 - t104 + t105) * t108) * t109);
  m(3,16) = 0;
  m(3,17) = 0;
  m(3,18) = 0;
  m(3,19) = 0;
  m(3,20) = 0;
  t141 = t104 / 0.2e1;
  t142 = t108 * t103;
  t143 = t142 / 0.2e1;
  m(3,21) = (0.16e2 * t139 * t109 * (t121 * (t141 + t143 - t105) + t127 * (-t141 + t143 + t105) + (t105 * t - t103) * t108));
  m(3,22) = 0;
  m(3,23) = 0;
  m(3,24) = 0;
  m(4,1) = 0;
  m(4,2) = 0;
  m(4,3) = 0;
  m(4,4) = 1;
  m(4,5) = 0;
  m(4,6) = 0;
  m(4,7) = 0;
  m(4,8) = 0;
  m(4,9) = 0;
  m(4,10) = t;
  m(4,11) = 0;
  m(4,12) = 0;
  m(4,13) = 0;
  m(4,14) = 0;
  m(4,15) = 0;
  t154 = K__D(4,4);
  t155 = (t154 ^ 2);
  t156 = K__P(4,4);
  t159 = sqrt((t155 - 4 * t156));
  t160 = 0.1e1 / t159;
  t163 = t159 * (t155 / 0.2e1 - t156 / 0.2e1);
  t167 = ((t155 - 3 * t156) * t154) / 0.2e1;
  t169 = t154 - t159;
  t172 = exp(-t169 * t / 0.2e1);
  t175 = t154 + t159;
  t178 = exp(-t * t175 / 0.2e1);
  t186 = t175 ^ 2;
  t188 = t169 ^ 2;
  t190 = 0.1e1 / t188 / t186;
  m(4,16) = (0.16e2 * t190 * (t172 * (t163 + t167) + t178 * (t163 - t167) + (t154 * t * t156 - t155 + t156) * t159) * t160);
  m(4,17) = 0;
  m(4,18) = 0;
  m(4,19) = 0;
  m(4,20) = 0;
  m(4,21) = 0;
  t192 = t155 / 0.2e1;
  t193 = t159 * t154;
  t194 = t193 / 0.2e1;
  m(4,22) = (0.16e2 * t190 * t160 * (t172 * (t192 + t194 - t156) + t178 * (-t192 + t194 + t156) + (t * t156 - t154) * t159));
  m(4,23) = 0;
  m(4,24) = 0;
  m(5,1) = 0;
  m(5,2) = 0;
  m(5,3) = 0;
  m(5,4) = 0;
  m(5,5) = 1;
  m(5,6) = 0;
  m(5,7) = 0;
  m(5,8) = 0;
  m(5,9) = 0;
  m(5,10) = 0;
  m(5,11) = t;
  m(5,12) = 0;
  m(5,13) = 0;
  m(5,14) = 0;
  m(5,15) = 0;
  m(5,16) = 0;
  t205 = K__D(5,5);
  t206 = (t205 ^ 2);
  t207 = K__P(5,5);
  t210 = sqrt((t206 - 4 * t207));
  t211 = 0.1e1 / t210;
  t214 = t210 * (t206 / 0.2e1 - t207 / 0.2e1);
  t218 = ((t206 - 3 * t207) * t205) / 0.2e1;
  t220 = t205 - t210;
  t223 = exp(-t * t220 / 0.2e1);
  t226 = t205 + t210;
  t229 = exp(-t * t226 / 0.2e1);
  t237 = t226 ^ 2;
  t239 = t220 ^ 2;
  t241 = 0.1e1 / t239 / t237;
  m(5,17) = (0.16e2 * t241 * (t223 * (t214 + t218) + t229 * (t214 - t218) + (t * t205 * t207 - t206 + t207) * t210) * t211);
  m(5,18) = 0;
  m(5,19) = 0;
  m(5,20) = 0;
  m(5,21) = 0;
  m(5,22) = 0;
  t243 = t206 / 0.2e1;
  t244 = t210 * t205;
  t245 = t244 / 0.2e1;
  m(5,23) = (0.16e2 * t241 * t211 * (t223 * (t243 + t245 - t207) + t229 * (-t243 + t245 + t207) + (t * t207 - t205) * t210));
  m(5,24) = 0;
  m(6,1) = 0;
  m(6,2) = 0;
  m(6,3) = 0;
  m(6,4) = 0;
  m(6,5) = 0;
  m(6,6) = 1;
  m(6,7) = 0;
  m(6,8) = 0;
  m(6,9) = 0;
  m(6,10) = 0;
  m(6,11) = 0;
  m(6,12) = t;
  m(6,13) = 0;
  m(6,14) = 0;
  m(6,15) = 0;
  m(6,16) = 0;
  m(6,17) = 0;
  t256 = K__D(6,6);
  t257 = (t256 ^ 2);
  t258 = K__P(6,6);
  t261 = sqrt((t257 - 4 * t258));
  t262 = 0.1e1 / t261;
  t265 = t261 * (t257 / 0.2e1 - t258 / 0.2e1);
  t269 = ((t257 - 3 * t258) * t256) / 0.2e1;
  t271 = t256 - t261;
  t274 = exp(-t * t271 / 0.2e1);
  t277 = t256 + t261;
  t280 = exp(-t * t277 / 0.2e1);
  t288 = t277 ^ 2;
  t290 = t271 ^ 2;
  t292 = 0.1e1 / t290 / t288;
  m(6,18) = (0.16e2 * t292 * (t274 * (t265 + t269) + t280 * (t265 - t269) + (t * t256 * t258 - t257 + t258) * t261) * t262);
  m(6,19) = 0;
  m(6,20) = 0;
  m(6,21) = 0;
  m(6,22) = 0;
  m(6,23) = 0;
  t294 = t257 / 0.2e1;
  t295 = t261 * t256;
  t296 = t295 / 0.2e1;
  m(6,24) = (0.16e2 * t292 * t262 * (t274 * (t294 + t296 - t258) + t280 * (-t294 + t296 + t258) + (t * t258 - t256) * t261));
  m(7,1) = 0;
  m(7,2) = 0;
  m(7,3) = 0;
  m(7,4) = 0;
  m(7,5) = 0;
  m(7,6) = 0;
  m(7,7) = 1;
  m(7,8) = 0;
  m(7,9) = 0;
  m(7,10) = 0;
  m(7,11) = 0;
  m(7,12) = 0;
  t308 = 2 * t3;
  m(7,13) = -(0.8e1 * (t19 * (t2 + t40 - t308) + t25 * (-t2 + t40 + t308) - 0.2e1 * t40) * t7 * t3 * t37);
  m(7,14) = 0;
  m(7,15) = 0;
  m(7,16) = 0;
  m(7,17) = 0;
  m(7,18) = 0;
  t319 = t19 * t22;
  t320 = t16 * t25;
  m(7,19) = -(t7 * (-t320 + t319 - 0.2e1 * t6) / t3 / 0.2e1);
  m(7,20) = 0;
  m(7,21) = 0;
  m(7,22) = 0;
  m(7,23) = 0;
  m(7,24) = 0;
  m(8,1) = 0;
  m(8,2) = 0;
  m(8,3) = 0;
  m(8,4) = 0;
  m(8,5) = 0;
  m(8,6) = 0;
  m(8,7) = 0;
  m(8,8) = 1;
  m(8,9) = 0;
  m(8,10) = 0;
  m(8,11) = 0;
  m(8,12) = 0;
  m(8,13) = 0;
  t329 = 2 * t54;
  m(8,14) = -(0.8e1 * (t70 * (t53 + t91 - t329) + t76 * (-t53 + t91 + t329) - 0.2e1 * t91) * t58 * t54 * t88);
  m(8,15) = 0;
  m(8,16) = 0;
  m(8,17) = 0;
  m(8,18) = 0;
  m(8,19) = 0;
  t340 = t70 * t73;
  t338 = t67 * t76;
  m(8,20) = -(t58 * (-t338 + t340 - 0.2e1 * t57) / t54 / 0.2e1);
  m(8,21) = 0;
  m(8,22) = 0;
  m(8,23) = 0;
  m(8,24) = 0;
  m(9,1) = 0;
  m(9,2) = 0;
  m(9,3) = 0;
  m(9,4) = 0;
  m(9,5) = 0;
  m(9,6) = 0;
  m(9,7) = 0;
  m(9,8) = 0;
  m(9,9) = 1;
  m(9,10) = 0;
  m(9,11) = 0;
  m(9,12) = 0;
  m(9,13) = 0;
  m(9,14) = 0;
  t350 = 2 * t105;
  m(9,15) = -(0.8e1 * (t121 * (t104 + t142 - t350) + t127 * (-t104 + t142 + t350) - 0.2e1 * t142) * t109 * t105 * t139);
  m(9,16) = 0;
  m(9,17) = 0;
  m(9,18) = 0;
  m(9,19) = 0;
  m(9,20) = 0;
  t361 = t121 * t124;
  t357 = t118 * t127;
  m(9,21) = -(t109 * (-t357 - 0.2e1 * t108 + t361) / t105 / 0.2e1);
  m(9,22) = 0;
  m(9,23) = 0;
  m(9,24) = 0;
  m(10,1) = 0;
  m(10,2) = 0;
  m(10,3) = 0;
  m(10,4) = 0;
  m(10,5) = 0;
  m(10,6) = 0;
  m(10,7) = 0;
  m(10,8) = 0;
  m(10,9) = 0;
  m(10,10) = 1;
  m(10,11) = 0;
  m(10,12) = 0;
  m(10,13) = 0;
  m(10,14) = 0;
  m(10,15) = 0;
